ns/elem        pdf@1e6  lpdf@1e6   cdf@1e6    pdf-sc   lpdf-sc    cdf-sc  quantile
gamma              7.3       5.4     206.5      17.2      14.8    7563.5   39234.0
beta             143.1     118.9     556.5      28.9      20.3   17131.3   78142.6
poisson           10.4       9.0     427.2     100.3      88.3   16145.7  136277.1
student_t         82.0      57.8    8030.6      25.5      17.1   25686.6  331762.1
binomial         256.9     250.0    2650.3     278.2     261.1   29639.8  614885.9
gaussian           0.9       0.3       3.6      12.2       8.7      34.6     340.5
lognormal          2.2       1.2       7.6      21.5      13.7     103.1     357.7
von_mises          2.7       1.6      53.7      26.4      20.2     246.8      80.7
weibull            3.4       2.0     105.3      32.0      34.6      29.7      36.8
exponential        0.9       0.4       0.9      12.0       9.3      11.9      14.0
(sink -3.39202e+07)
