ns/elem        pdf@1e6  lpdf@1e6   cdf@1e6    pdf-sc   lpdf-sc    cdf-sc  quantile
gamma              1.9       1.4      10.2      15.6       9.8     954.0    5169.5
beta              15.8      13.4      62.9      29.5      20.4    1718.4   18293.3
poisson           10.7       9.0      23.8      99.6      88.9    1685.8   13404.5
student_t         12.1       8.5     646.9      26.0      17.8    3481.2   61878.0
binomial         256.8     245.5     612.1     277.7     250.9    4167.3   91020.0
gaussian           0.8       0.3       3.5      12.1       8.7      33.8     229.6
lognormal          2.2       1.2       1.9      21.3      13.4      71.4     244.6
von_mises          2.4       1.7      86.6      26.1      20.1     239.8      81.3
weibull            3.1       2.0      14.4      31.9      21.1      30.9      36.7
exponential        0.9       0.4       0.9      12.3       8.7      12.1      13.5
(sink -3.39202e+07)
