corvus AVX2
       n        erf        exp     lgamma    gamma_p     beta_p gamma_p_inv
       1       49.9       81.4      407.3     7333.6    19830.3    32159.0
       2       37.4       59.2      300.8     8591.4    11262.8    24485.1
       4       14.5       25.4      152.6     1891.9     5587.9    12282.6
       8       13.0       23.8      133.8     3454.5     9116.5    10091.6
      32       12.3       23.6      150.6     3072.6     6794.5    10646.4
     256       13.4       23.1      138.9     2676.7     7604.6    10658.1
    4096       12.2       23.0      134.9     2719.8     8128.1    10723.2
   65536       12.2       23.0      134.5     2726.1     8056.0    10699.0
(sink 1.12001e+08)
