corvus AVX3_ZEN4
       n        erf        exp     lgamma    gamma_p     beta_p gamma_p_inv
       1       19.9       23.7      163.6      926.0     1814.6     6749.5
       2       15.0       17.8      123.1      892.5     1493.0     4692.5
       4        7.5        8.9       61.3      347.5      746.4     2608.8
       8        3.6        4.1       30.6      100.9      820.0     1081.0
      32        2.8        3.3       29.4       99.5      527.0     1072.2
     256        2.6        3.1       28.8       85.8      611.0     1088.0
    4096        2.5        3.1       28.8       90.4      656.5     1098.4
   65536        2.4        3.1       28.7       90.0      649.1     1093.1
(sink 1.12001e+08)
