ns/elem        pdf@1e6  lpdf@1e6   cdf@1e6    pdf-sc   lpdf-sc    cdf-sc  quantile
gamma              0.8       0.6      11.3      15.6       9.8      71.9     519.7
beta               6.0       5.2       8.1      19.5      13.6     122.5     690.1
poisson            8.9       8.4      18.0      66.0      58.5     119.7     941.8
student_t          2.1       1.4     136.2      16.7      10.7     140.9     708.4
binomial         172.1     245.2      73.9     304.7     270.3     599.7    9590.2
gaussian           1.0       0.3       4.3      12.1       8.7      34.1      77.6
lognormal          2.5       1.4       1.7      20.9      12.6      36.7      86.0
von_mises          2.3       1.6      61.2      26.2      20.7     241.0      79.5
weibull            3.0       2.0       4.1      31.8      21.1      30.9      36.9
exponential        0.9       0.4       0.9      12.0       8.6      11.9      13.8
(sink -3.39202e+07)
