ns/elem        pdf@1e6  lpdf@1e6   cdf@1e6    pdf-sc   lpdf-sc    cdf-sc  quantile
gamma              1.9       1.4       9.9      15.6       9.8     953.8    5166.5
beta              14.7      12.7      61.6      28.8      20.3    1716.8   17965.8
poisson            9.2       8.5      22.2      98.9      87.7    1675.0   12961.1
student_t         11.8       9.1     621.2      25.4      17.1    3487.8   61283.9
binomial         256.8     246.5     593.8     273.9     259.9    4172.0   91275.4
gaussian           0.8       0.3       3.5      12.1       8.8      33.7     169.4
lognormal          2.1       1.2       1.9      27.1      24.5      71.3     268.4
von_mises          2.3       1.6      81.5      26.3      20.0     241.8      80.8
weibull            3.1       2.0      14.3      31.9      21.1      30.9      36.6
exponential        0.9       0.4       0.8      12.3       8.7      12.1      13.6
(sink -3.39202e+07)
