corvus AVX3_ZEN4
       n        erf        exp     lgamma    gamma_p     beta_p gamma_p_inv
       1       19.9       23.8      179.9      939.1     1803.1     6791.9
       2       25.7       29.7      124.2      859.2     1499.0     4679.5
       4        7.5        9.0       61.6      346.9      744.3     2622.4
       8        3.6        4.0       30.6      100.5      823.2     1090.5
      32        2.7        3.3       29.3       99.7      529.7     1078.6
     256        2.5        3.1       28.4       85.0      616.7     1096.0
    4096        2.6        3.5       28.8       90.5      655.1     1102.9
   65536        2.4        3.1       28.7       90.1      650.4     1099.1
(sink 1.12001e+08)
