ns/elem        pdf@1e6  lpdf@1e6   cdf@1e6    pdf-sc   lpdf-sc    cdf-sc  quantile
gamma              0.8       0.6      11.2      15.7      10.2      69.9     524.5
beta               5.1       4.2       7.9      19.5      13.9     122.6     689.2
poisson            8.8       7.9      17.9      65.8      58.6     119.4     941.4
student_t          2.0       1.3     137.2      16.6      10.5     140.9     706.4
binomial         171.6     246.4      71.4     277.3     259.2     566.9    9305.8
gaussian           0.8       0.3       3.5      12.2       8.9      33.9      76.1
lognormal          2.1       1.1       1.5      21.3      13.5      32.6      85.9
von_mises          2.4       1.6      55.1      25.9      20.7     242.9      81.8
weibull            3.5       2.0       4.7      32.3      21.1      31.1      37.0
exponential        0.9       0.4       0.9      12.2       8.7      11.9      13.6
(sink -3.39202e+07)
