corvus AVX2
       n        erf        exp     lgamma    gamma_p     beta_p gamma_p_inv
       1       49.6       81.5      407.0     7321.8    19821.8    31779.4
       2       37.4       60.9      305.0     8605.9    11242.4    24293.9
       4       14.5       25.2      151.9     1910.4     5559.3    12276.0
       8       13.0       23.7      133.9     3461.8     9118.7    10055.4
      32       12.4       23.2      145.8     3071.1     6786.1    10635.2
     256       12.3       23.1      138.6     2684.0     7608.0    10645.3
    4096       12.2       23.0      135.0     2725.1     8125.4    10726.7
   65536       12.8       23.0      134.6     2726.0     8067.4    10700.4
(sink 1.12001e+08)
