ns/elem        pdf@1e6  lpdf@1e6   cdf@1e6    pdf-sc   lpdf-sc    cdf-sc  quantile
gamma              7.3       5.3     205.9      23.3      14.6    7558.1   38614.5
beta             141.6     118.2     546.0      29.0      20.2   17133.4   78137.2
poisson            9.2       8.5     431.8      98.9      87.8   16160.0  135218.9
student_t         80.4      55.5    7982.8      25.4      17.1   25610.4  329596.3
binomial         257.5     246.1    2673.2     277.5     259.3   29402.4  610893.7
gaussian           0.8       0.3       3.4      12.2       8.6      33.8     339.4
lognormal          2.1       1.2       7.5      21.3      13.5     101.6     354.6
von_mises          2.3       1.7      83.2      27.2      20.2     240.9      80.2
weibull            3.1       2.1     103.9      31.8      21.1      30.9      36.7
exponential        0.9       0.4       0.9      12.0       8.7      11.8      13.6
(sink -3.39202e+07)
