corvus AVX2
       n        erf        exp     lgamma    gamma_p     beta_p gamma_p_inv
       1       35.9       41.0      273.8     1257.9     2726.7     6432.4
       2       19.6       20.3      137.2      794.2     1475.1     4318.1
       4        8.6        9.4       65.2      109.3      710.1     2179.6
       8        7.8        9.1       56.8      190.9     1160.5     1781.5
      32        6.7        8.0       60.9      168.8      857.5     1895.3
     256        6.5        7.9       60.0      148.3      969.6     1910.7
    4096        6.7        7.9       58.6      151.5     1027.3     1892.2
   65536        6.5        8.0       58.3      152.1     1023.7     1885.7
(sink 1.12001e+08)
