ns/elem        pdf@1e6  lpdf@1e6   cdf@1e6    pdf-sc   lpdf-sc    cdf-sc  quantile
gamma              5.7       3.9      25.3      57.0      51.4    1473.2    8074.5
beta              56.9      47.3     156.6      68.3      55.4    2889.0   19597.9
poisson            6.8       5.5      48.9      73.9      62.5    1748.0   13684.7
student_t          4.1       2.7     212.9      62.8      53.5    3802.7   64232.8
binomial          64.9      53.9    4547.5     117.0      96.9    4490.9   96595.2
gaussian           1.4       0.6       6.0      52.7      47.4      69.2     259.2
lognormal          3.7       1.7       5.3      57.1      51.7      95.8     277.3
von_mises          4.1       2.7     198.6      63.9      51.5     371.5     137.4
weibull            5.8       3.5       6.6      74.9      58.5      73.8      72.5
exponential        1.5       0.7       1.5      50.5      46.5      50.7      49.9
(sink -3.39202e+07)
