ns/elem        pdf@1e6  lpdf@1e6   cdf@1e6    pdf-sc   lpdf-sc    cdf-sc  quantile
gamma              1.6       1.1      14.0      58.3      51.7     123.8    1153.3
beta              13.8      11.3      13.5      68.6      55.2     145.7     748.1
poisson            7.5       5.3      17.8      75.3      61.1     105.2     757.5
student_t          3.9       2.4      25.6      59.4      50.6     187.7     851.3
binomial          64.9      52.8     232.9     119.2      97.8     237.1    3840.9
gaussian           1.4       0.6       5.8      51.6      47.5      70.4     165.0
lognormal          3.6       1.7       3.2      57.3      50.3      79.2     161.3
von_mises          4.8       2.7     143.1      64.7      50.7     384.8     142.6
weibull            5.6       3.4       5.7      75.6      58.3      74.7      74.1
exponential        1.6       0.6       1.5      50.8      46.9      50.2      51.3
(sink -3.39202e+07)
