(warm-up 25 s)
corvus AVX2
       n        erf        exp     lgamma    gamma_p     beta_p gamma_p_inv
       1       23.4       32.2      206.9     1133.5     2303.2     5411.7
       2       11.6       15.8      102.7      706.9     1263.9     3823.1
       4        5.2        6.8       49.8      109.5      616.0     1957.7
       8        4.4        5.7       40.1      178.2     1122.8     1540.6
      32        3.9        5.6       47.0      159.2      767.5     1647.7
     256        3.4        5.1       45.8      140.7      905.7     1649.9
    4096        3.4        5.1       44.6      143.1      978.6     1661.6
   65536        3.4        5.1       44.3      141.8      973.1     1664.3
(sink 1.12001e+08)
