(warm-up 25 s)
corvus AVX3_ZEN4
       n        erf        exp     lgamma    gamma_p     beta_p gamma_p_inv
       1       29.7       35.7      246.0     1403.0     2771.5     6753.9
       2       25.6       17.8      123.2      862.9     1498.9     4670.5
       4        7.5        8.9       61.7      346.9      747.6     2615.1
       8        3.6        4.1       30.6      101.0      823.5     1084.9
      32        4.5        4.8       29.6       99.7      527.5     1072.7
     256        4.3        4.4       28.6       83.1      616.6     1087.2
    4096        4.0        4.2       29.0       90.3      656.0     1100.0
   65536        2.4        3.1       28.7       90.1      651.8     1094.0
(sink 1.12001e+08)
