(warm-up 25 s)
ns/elem        pdf@1e6  lpdf@1e6   cdf@1e6    pdf-sc   lpdf-sc    cdf-sc  quantile
gamma              0.8       0.7      12.1      23.4      14.7     105.9     799.5
beta               6.9       5.9       8.7      28.9      20.4     184.3    1032.4
poisson            9.2       8.5      19.2      99.2      87.8     179.9    1410.0
student_t          2.9       1.9     206.2      24.7      15.7     211.2    1060.4
binomial         261.4     246.0      68.4     277.4     259.1     567.3    9452.7
gaussian           0.9       0.3       3.5      12.5      10.0      33.7      78.0
lognormal          2.4       1.2       1.7      21.3      13.6      32.5      86.0
von_mises          2.3       1.6      80.4      26.5      20.9     241.9      79.5
weibull            3.1       2.0       4.1      32.5      21.1      30.9      36.8
exponential        0.9       0.4       0.9      12.3       8.9      12.2      13.6
(sink -3.39202e+07)
