(warm-up 25 s)
corvus AVX2
       n        erf        exp     lgamma    gamma_p     beta_p gamma_p_inv
       1       74.6      120.4      610.7    10989.9    19805.7    31768.2
       2       37.2       61.1      306.0     8588.2    11251.5    24296.8
       4       14.4       25.1      151.9     1906.1     5564.9    12250.8
       8       13.0       23.7      133.5     3430.5     9116.9    10056.9
      32       12.5       22.9      141.4     3066.3     6790.6    10652.3
     256       12.2       23.0      138.7     2677.9     7633.2    10630.9
    4096       12.2       23.0      135.0     2724.1     8133.2    10723.1
   65536       12.2       23.0      134.4     2721.7     8068.9    10699.4
(sink 1.12001e+08)
