(warm-up 25 s)
ns/elem        pdf@1e6  lpdf@1e6   cdf@1e6    pdf-sc   lpdf-sc    cdf-sc  quantile
gamma              2.3       1.6      11.7      24.7      14.7    1424.9    7751.6
beta              21.4      18.3      75.7      28.8      20.3    2587.9   18052.3
poisson            9.3       8.5      23.2      98.9      87.9    1677.7   12883.1
student_t         11.9       9.1     622.9      25.4      17.1    3478.7   61628.8
binomial         257.5     245.9     600.4     277.1     259.3    4199.9   91458.7
gaussian           0.8       0.3       3.5      12.2       8.6      33.8     232.8
lognormal          2.1       1.2       1.8      21.3      13.5      71.2     247.2
von_mises          2.4       1.7      75.7      26.1      20.0     242.9      79.5
weibull            3.0       2.1      14.5      31.8      21.1      30.8      36.8
exponential        0.9       0.4       0.9      12.0       8.6      11.8      14.2
(sink -3.39202e+07)
